#SETTING::shuffle->true
#SETTING::doGaps->true
#SETTING::infinite->true
#SETTING::autoCoinSpawn->false

#BOSS_SETTING::AT500->RektSmasher
#BOSS_SETTING::AT1000->RocketBoss

#ALIAS::-1->Enemy
#ALIAS::1->Inanimate
#ALIAS::2->ToggleBox
#ALIAS::5->Coin

#ALIAS::6->Life
#ALIAS::2000->Life

#ALIAS::10->DefaultCoin
#ALIAS::11->RektKiller
#ALIAS::12->Rocket
#ALIAS::13->Stacker
#ALIAS::14->Warper
#ALIAS::15->Slurp
#ALIAS::16->Cannon

#ALIAS::20->Warper
#ALIAS::21->RektKiller
#ALIAS::22->Piston
#ALIAS::23->Piston:3:2

#ALIAS::80->ToggleBox
#ALIAS::81->MovingBox
#ALIAS::86->ClimbUpBox
#ALIAS::87->ReflectionBox
#ALIAS::200->RektKiller


{
{0	0	0	0	0	0	0	0	0	0}
{0	0	0	0	0	0	0	0	0	0}
{0	0	0	0	0	0	0	0	0	0}
{0	0	0	0	0	0	0	0	0	0}
{0	0	0	0	0	0	0	0	0	0}
{0	0	0	0	0	0	0	0	1	1}
{1	1	0	0	0	0	0	0	1	1}
{1	1	0	0	0	0	0	0	1	1}
{1	1	0	0	87	87	87	87	1	1}
}
{
{0	0	0	0	0	0	0	0	0	0}
{0	0	0	0	0	0	0	0	0	0}
{0	0	0	0	0	0	0	0	0	0}
{0	0	0	0	0	0	0	0	0	0}
{0	0	0	0	0	0	1	1	0	0}
{0	0	0	0	0	0	1	1	0	0}
{0	0	0	0	0	0	1	1	0	0}
{0	0	0	0	0	0	1	1	0	0}
{0	0	87	87	87	87	1	1	1	1}
}
{
{1	87	0	0	0	0	0	0	0}
{1	87	0	0	0	0	0	0	0}
{1	87	0	0	87	1	1	0	0}
{1	87	0	0	87	1	1	0	0}
{1	87	0	0	87	1	1	0	0}
{0	0	0	0	87	1	1	0	0}
{0	0	0	0	87	1	1	0	0}
{0	0	0	0	87	1	1	0	0}
{1	1	1	1	1	1	1	0	0}
}
{
{0	0	0	0	0	0	0	0	0}
{0	0	0	0	0	0	0	0	0}
{0	0	0	0	0	1	0	0	0}
{0	0	0	0	1	1	0	0	0}
{0	0	0	0	1	1	0	0	0}
{0	0	0	0	1	1	0	0	0}
{0	0	0	0	1	1	0	0	0}
{0	0	0	0	1	1	0	0	0}
{87	87	87	87	1	1	0	0	0}
}
{
{0	0	0	0	0	0	0	0	0}
{0	0	0	0	0	0	0	0	0}
{0	0	0	0	0	0	0	0	0}
{0	0	0	0	0	0	0	0	0}
{0	0	0	0	0	0	0	0	0}
{0	0	0	0	0	0	0	0	0}
{0	0	0	0	0	0	0	0	0}
{0	0	0	0	0	0	0	0	0}
{87	87	0	0	0	87	87	0	0}
}
{
{0	0	0	0	0	0	0	0	0	0	0	0}
{0	0	0	0	0	0	0	0	0	0	0	0}
{0	0	0	0	0	0	0	0	0	0	0	0}
{0	1	0	0	0	0	0	0	0	0	0	1}
{1	1	0	0	0	0	0	0	0	0	1	1}
{1	1	0	0	0	0	0	0	0	0	1	1}
{1	1	0	0	0	0	0	0	0	0	1	1}
{1	1	80	80	80	80	80	80	80	80	1	1}
{1	1	0	0	0	87	87	0	0	0	1	1}
}
{
{0	0	1	1	1	1	87	87	87}
{0	0	87	0	0	80	0	0	0}
{0	0	87	0	0	80	0	0	0}
{0	0	87	0	0	87	87	87	87}
{0	0	87	0	0	87	0	0	0}
{0	0	87	2:0:2	0	87	0	0	0}
{0	0	87	0	0	87	0	0	0}
{0	0	0	0	0	87	0	0	0}
{1	1	1	1	1	1	0	0	0}
}
{
{87	87	87	87	87	87	87	87	87}
{0	0	0	0	0	0	0	0	0}
{0	0	0	0	0	0	0	0	0}
{87	87	87	80	80	87	87	87	87}
{0	0	0	0	0	0	0	0	0}
{0	0	0	0	0	0	0	0	0}
{0	0	0	0	0	0	0	0	0}
{0	0	0	0	0	0	0	0	0}
{0	0	0	0	0	0	0	0	0}
}
{
{0	0	0	1	1	1	1	0	0}
{0	0	0	1	1	1	1	0	0}
{0	0	0	1	1	1	1	0	0}
{0	0	0	86	86	86	86	0	0}
{0	0	0	0	0	0	0	0	0}
{0	0	0	0	0	0	0	0	0}
{0	0	0	0	0	0	0	0	0}
{0	0	0	0	0	0	0	0	0}
{0	0	87	87	0	0	0	0	0}
}
{
{0	0	0	0	0	0	0	0	0}
{0	0	0	0	0	0	0	0	0}
{0	0	0	0	0	0	0	0	0}
{0	0	0	0	0	0	0	0	0}
{0	0	0	0	0	0	1	1	0}
{0	0	0	0	0	0	1	1	0}
{0	0	0	0	0	0	1	1	0}
{0	0	0	0	0	0	1	1	0}
{0	0	87	87	0	0	1	1	0}
}

{
{0	0	0	0	0	0	0	1	0}
{0	0	0	0	0	0	0	1	0}
{0	0	0	0	0	0	0	1	0}
{0	0	0	0	0	0	0	1	0}
{0	0	0	0	0	0	1	1	1}
{0	0	0	0	0	0	0	23	0}
{0	0	0	0	0	0	0	0	0}
{0	0	0	0	0	0	0	0	0}
{1	1	1	1	1	1	0	0	0}
}
{
{0	0	0	0	0	0	0	0	0	0}
{0	0	0	0	0	0	0	0	0	0}
{0	0	0	0	0	0	0	0	0	0}
{0	0	0	0	0	0	0	0	0	0}
{0	0	0	0	0	0	0	0	0	0}
{0	0	0	0	0	0	0	0	0	0}
{0	0	0	0	0	0	0	0	0	0}
{0	0	0	0	1	1	1	22:3:1	0	0}
{1	1	22:2:1	0	1	1	1	10	11	10}
}
{
{0	0	0	0	1	1	1	1	1	1}
{0	0	0	0	1	1	1	1	1	1}
{0	0	0	0	1	1	1	1	1	1}
{0	0	0	0	23	23	23	23	23	23}
{0	0	0	0	0	0	0	0	0	0}
{0	0	0	0	10	10	10	10	10	10}
{1	1	1	1	1	1	1	1	1	1}
{1	1	1	1	1	1	1	1	1	1}
{1	1	1	1	1	1	1	1	1	1}
}
{
{0	0	0	0	0	0	1	0	0	0	0}
{0	0	0	0	0	1	1	1	0	0	0}
{0	0	1	1	0	0	22:2:2	0	0	0	0}
{0	0	0	0	0	0	0	0	0	0	0}
{0	0	0	0	0	0	11	0	0	0	0}
{0	0	0	0	0	0	0	0	0	0	0}
{0	0	1	1	0	0	22:2:0	0	0	1	1}
{0	0	0	0	0	1	1	1	0	0	0}
{0	0	0	0	0	0	1	0	0	0	0}
}
{
{1	0	0	1	0	0	1	22:3:1	0	0	0	0	0	22:3:3	1	0	0	1	0	0	1}
{22:2:2	0	0	22:4:2	0	0	22:3:2	0	0	0	0	0	0	0	22:3:2	0	0	22:4:2	0	0	22:2:2}
{0	1	1	0	1	1	0	0	0	0	0	0	0	0	0	0	0	0	0	0	0}
{0	0	0	0	0	0	0	0	0	0	22:3:0	0	0	0	0	0	0	0	0	0	0}
{0	0	0	0	0	0	0	0	0	22:3:3	1	22:3:1	0	0	0	0	0	0	0	0	0}
{0	0	0	0	0	0	0	0	0	1	22:3:2	1	0	0	0	0	0	0	0	0	0}
{0	1	1	0	1	1	0	0	0	0	0	0	0	0	0	0	0	0	1	1	0}
{22:5:0	0	0	22:3:0	0	0	22:3:0	1	1	0	0	0	1	1	22:3:0	0	0	22:3:0	0	0	22:5:0}
{1	0	0	1	0	0	1	22:3:1	0	0	0	0	0	22:3:3	1	0	0	1	0	0	1}
}
{
{0	0	0	0	1	0	0	0	0	0	0}
{0	0	0	1	1	1	0	0	0	0	0}
{0	0	0	0	22:2:2	0	0	1	1	0	0}
{0	0	0	0	0	0	0	0	0	0	0}
{0	0	0	0	11	0	0	0	0	0	0}
{0	0	0	0	0	0	0	0	0	0	0}
{1	1	0	0	22:2:0	0	0	1	1	0	0}
{0	0	0	1	1	1	0	0	0	0	0}
{0	0	0	0	1	0	0	0	0	0	0}
}
{
{0	0	1	0	0	1	0	0	1	0	0	1	0	0	0	0	0	0	0}
{0	0	1	0	0	1	0	0	1	0	0	1	0	0	0	0	0	0	0}
{0	0	1	0	0	1	0	0	1	0	0	1	0	0	0	0	0	0	0}
{0	0	1	0	0	1	0	0	1	0	0	1	0	0	0	0	0	0	0}
{0	0	22:2:2:0:0:0	0	0	22:2:2:0:0:0	0	0	22:2:2:0:0:0	0	0	22:2:2:0:0:0	0	0	1	1	1	1	1}
{0	0	0	0	0	0	0	0	0	0	0	0	0	0	1	1	10	0	22:3:2}
{1	1	1	1	1	1	1	1	1	1	1	1	1	1	1	1	11	0	0}
{1	1	1	1	1	1	1	1	1	1	1	1	1	1	1	1	10	0	0}
{1	1	1	1	1	1	1	1	1	1	1	1	1	1	1	1	1	1	1}
}
{
{0	0	0	0	0	0	0	0	0}
{0	0	0	0	0	0	0	0	0}
{0	0	0	0	0	0	0	0	0}
{0	0	0	0	0	0	0	0	0}
{0	0	0	0	0	0	0	0	0}
{0	0	0	10	10	10	0	0	0}
{0	0	0	10	10	10	0	0	0}
{0	0	0	0	0	0	0	0	0}
{0	0	0	1	1	1	0	0	0}
}
{
{0	0	0	0	0	0	1	1	0	0	1	1	0	0	0	0}
{0	0	0	0	0	0	22:5:2:0.2F:0.2F:0.2F:1	22:5:2:0.2F:0.2F:0.2F:1	0	0	22:5:2:0.2F:0.2F:0.2F:2	22:5:2:0.2F:0.2F:0.2F:2	0	0	0	0}
{0	0	0	0	0	0	0	0	0	0	0	0	0	0	0	0}
{0	0	0	0	0	0	0	0	0	0	0	0	0	0	0	0}
{0	0	0	0	0	0	0	0	22:5:0:0.2F:0.2F:0.2F:2	22:5:0:0.2F:0.2F:0.2F:2	0	0	22:5:0:0.2F:0.2F:0.2F:1	22:5:0:0.2F:0.2F:0.2F:1	0	0}
{0	0	0	0	0	0	0	0	1	1	0	0	1	1	0	0}
{0	0	0	0	1	1	1	1	1	1	1	1	1	1	1	1}
{0	0	1	1	1	1	1	1	1	1	1	1	1	1	1	1}
{1	1	1	1	1	1	1	1	1	1	1	1	1	1	1	1}
}
{
{0	0	0	0	0	0	1	0	0	0	0}
{0	0	0	0	0	1	1	1	0	0	0}
{0	0	1	1	0	0	22:2:2	0	0	0	0}
{0	0	0	0	0	0	0	0	0	0	0}
{0	0	0	0	0	0	11	0	0	0	0}
{0	0	0	0	0	0	0	0	0	0	0}
{0	0	1	1	0	0	22:2:0	0	0	1	1}
{0	0	0	0	0	1	1	1	0	0	0}
{0	0	0	0	0	0	1	0	0	0	0}
}
{
{1	0	0	1	0	0	1	22:3:1:0.1F:0.1F:0.1F	0	0	0	0	0	22:3:3:0.1F:0.1F:0.1F	1	0	0	1	0	0	1}
{22:2:2:0.1F:0.1F:0.1F	0	0	22:4:2:0.1F:0.1F:0.1F	0	0	22:3:2:0.1F:0.1F:0.1F	10	0	0	0	0	0	10	22:3:2:0.1F:0.1F:0.1F	0	0	22:4:2:0.1F:0.1F:0.1F	0	0	22:2:2:0.1F:0.1F:0.1F}
{0	1	1	0	1	1	0	1	0	0	0	0	0	1	0	0	0	0	0	0	0}
{0	0	0	0	0	0	0	0	0	0	22:3:0:0.1F:0.1F:0.1F	0	0	0	0	0	0	0	0	0	0}
{0	0	0	0	0	0	0	0	0	22:3:3:0.1F:0.1F:0.1F	1	22:3:1:0.1F:0.1F:0.1F	0	0	0	0	0	0	0	0	0}
{0	0	0	0	0	0	0	0	0	1	22:3:2:0.1F:0.1F:0.1F	1	0	0	0	0	0	0	0	0	0}
{0	1	1	0	1	1	0	0	0	0	0	0	0	0	0	0	0	0	1	1	0}
{22:5:0:0.1F:0.1F:0.1F	0	0	22:3:0:0.1F:0.1F:0.1F	0	0	22:3:0:0.1F:0.1F:0.1F	1	0	0	0	0	0	1	22:3:0:0.1F:0.1F:0.1F	0	0	22:3:0:0.1F:0.1F:0.1F	0	0	22:5:0:0.1F:0.1F:0.1F}
{1	0	0	1	0	0	1	22:3:1:0.1F:0.1F:0.1F	0	0	0	0	0	22:3:3:0.1F:0.1F:0.1F	1	0	0	1	0	0	1}
}
{
{0	0	0	0	1	0	0	0	0	0	0}
{0	0	0	1	1	1	0	0	0	0	0}
{0	0	0	0	22:2:2	0	0	1	1	0	0}
{0	0	0	0	0	0	0	0	0	0	0}
{0	0	0	0	11	0	0	0	0	0	0}
{0	0	0	0	0	0	0	0	0	0	0}
{1	1	0	0	22:2:0	0	0	1	1	0	0}
{0	0	0	1	1	1	0	0	0	0	0}
{0	0	0	0	1	0	0	0	0	0	0}
}
{
{0	0	0	10	10	10	0	0	0}
{0	0	0	0	0	0	0	0	0}
{0	0	0	0	0	0	0	0	0}
{0	0	0	0	0	0	0	0	0}
{0	0	0	0	0	0	0	0	0}
{0	0	0	81:2	81:2	81:2	0	0	0}
{0	0	0	0	0	0	0	0	0}
{0	0	0	0	0	0	0	0	0}
{1	1	1	1	1	1	1	1	1}
}
{
{0	0	1	0	10	10	1	0	0}
{0	0	1	0	0	0	1	0	0}
{0	0	1	0	81:1:1	81:1:1	1	0	0}
{0	0	1	0	0	0	1	0	0}
{0	0	1	0	0	0	1	0	0}
{0	0	1	0	0	0	1	0	0}
{0	0	1	81:1	81:1	0	1	0	0}
{0	0	0	0	0	0	0	0	0}
{1	1	1	1	1	1	1	1	1}
}
{
{0	0	0	0	1	1	1	10	10}
{0	0	0	0	1	10	1	10	10}
{0	0	0	0	1	1	1	10	10}
{0	0	0	0	86	86	86	86	86}
{0	0	0	0	0	0	0	0	0}
{0	0	0	0	0	0	0	0	1}
{0	0	0	0	1	0	0	0	1}
{0	0	0	1	1	0	0	0	1}
{1	1	1	1	1	1	1	0	1}
}
{
{0	0	0	0	0	0	0	0	0}
{0	0	0	0	0	0	0	0	0}
{0	0	0	0	0	0	0	0	0}
{0	0	0	0	0	0	0	0	0}
{0	0	0	0	0	0	0	0	0}
{0	0	0	0	0	0	0	0	0}
{0	0	0	0	0	0	0	0	0}
{0	0	0	0	0	0	0	0	0}
{1	1	1	1	1	1	1	1	1}
}
{
{1	1	0	1	1	0	0	0	0}
{1	1	0	1	1	0	0	10	10}
{1	1	0	1	1	0	0	0	0}
{1	1	0	86	86	0	0	1	1}
{1	1	0	0	0	0	0	1	1}
{86	86	0	0	0	0	0	1	1}
{0	0	0	0	0	0	0	1	1}
{0	0	0	0	0	0	0	1	1}
{1	1	0	0	0	0	0	1	1}
}
{
{0	0	0	0	0	0	1	1	1}
{0	0	0	0	0	0	86	86	86}
{0	0	0	0	0	0	0	0	0}
{0	0	0	0	0	0	0	0	0}
{0	0	0	0	0	0	0	0	0}
{0	0	0	81	81	0	0	0	0}
{0	0	0	0	0	0	0	0	0}
{0	0	0	0	0	0	0	0	0}
{0	0	0	0	0	0	0	0	0}
}
{
{1	0	0	0	0	0	0	0	0}
{0	0	0	0	0	0	0	0	0}
{0	0	0	0	0	0	0	0	0}
{0	0	0	0	0	0	0	0	0}
{0	0	0	0	0	0	0	0	0}
{0	0	81:2:1	81:2:1	0	0	0	0	0}
{0	0	0	0	0	0	0	0	0}
{0	0	0	0	0	0	0	0	0}
{0	0	0	0	0	0	1	1	1}
}
{
{1	1	1	1	10	10	10	10	10}
{1	1	1	1	86	86	86	86	86}
{1	1	1	1	0	0	0	0	0}
{1	1	1	1	0	0	0	0	0}
{1	1	86:300	86:300	0	0	1	0	0}
{86	86	0	0	0	0	0	0	0}
{0	0	0	0	0	0	0	0	0}
{0	0	0	0	0	0	0	0	0}
{0	0	0	0	0	0	0	0	0}
}
{
{0	0	0	0	0	0	0	0	0}
{0	0	0	0	0	0	0	0	0}
{0	0	0	0	0	0	0	0	0}
{0	0	0	0	0	0	0	0	0}
{0	0	0	0	0	0	0	0	0}
{0	0	0	0	0	0	0	0	0}
{0	0	0	0	0	0	0	0	0}
{0	0	0	0	0	0	0	0	0}
{0	0	0	0	0	0	1	1	1}
}
{
{0	1	1	0	0	1	1	0	0}
{0	1	1	0	0	1	1	0	0}
{0	1	1	0	0	1	1	0	0}
{0	1	1	0	0	1	1	0	0}
{0	1	1	0	2:0:15	1	1	0	0}
{0	1	1	2:0:15	0	1	1	0	0}
{0	86	86	0	0	86	86	0	0}
{0	0	0	0	0	0	0	0	0}
{1	1	1	1	1	1	1	1	1}
}
{
{1	1	1	1	1	1	1	1	86:200	86:200	86:100	86:100	86	86}
{1	1	1	1	1	1	86:300	86:300	0	0	0	0	0	0}
{86	86	86	86	86	86	0	0	0	0	0	0	0	0}
{0	0	0	0	0	0	0	0	12	12	12	12	0	0}
{0	0	2:2:15	2:2:15	0	0	0	0	12	12	12	12	0	0}
{1	1	0	0	1	1	0	0	0	0	0	0	0	0}
{1	1	0	0	1	1	0	0	0	0	0	0	0	0}
{1	1	0	0	1	1	0	0	0	0	0	0	0	0}
{1	1	0	0	1	1	0	0	0	0	0	0	1	1}
}

{
{1	0	0	0	0	0	2:2:15	0	0	1}
{1	0	0	0	0	0	0	0	0	1}
{1	10	10	0	0	0	0	10	10	1}
{1	10	10	0	0	0	0	10	10	1}
{1	0	0	2:2:15	0	0	0	0	0	1}
{86	86	86	86	0	0	86:200	86:200	86:200	86:2000}
{0	0	0	0	0	0	0	0	0	0}
{0	0	0	0	0	0	0	0	0	0}
{0	0	0	0	80	80	0	0	0	0}
}


{
{0	0	1	1}
{0	0	1	1}
{0	0	1	1}
{0	0	86	86}
{0	0	0	0}
{0	0	0	0}
{0	0	1	1}
{0	0	1	1}
{0	0	1	1}
}
{
{0	0	0	0	0	0}
{0	0	0	0	0	0}
{0	0	0	0	0	0}
{0	0	0	0	0	0}
{0	0	0	0	0	0}
{0	0	0	0	0	0}
{0	0	0	0	0	0}
{0	0	0	0	0	0}
{0	0	0	0	0	0}
}

{
{1}
{14}
{1}
{1}
}
{
{12}
{1}
}
{
{12}
{0}
{1}
}
{
{12}
{0}
{0}
{1}
}
{
{12}
{0}
{0}
{0}
{1}
}
{
{13}
{1}
}
{
{1}
{1}
}
{
{1}
{1}
{1}
}
{
{1	0	0	1}
}
{
{0	1	15}
{1	1	1}
{1	1	1}
}
{
{1	0	15}
{1	1	1}
{1	1	1}
}
{
{0	13	1}
{1	1	1}
{1	1	1}
}
{
{1	11:2	1}
{1	0	1}
{1	0	1}
}
{
{0	0	15	1}
{0	0	1	1}
{0	1	1	1}
{1	1	1	1}
{1	1	1	1}
}
{
{1	1}
{0	0}
{1	1}
}
{
{0	11:1}
{1	1}
{0	0}
{0	0}
{1	1}
}
{
{1	1	1}
{0	0	1}
{0	0	1}
}
{
{0	0	0	0	11:2	0	0}
{0	11:2	0	0	1	1	1}
{1	1	1	0	0	1	0}
{0	1	0	0	0	1	0}
{1	1	0	0	0	1	1}
}
{
{0	0	0	0	1	1}
{1	1	0	0	1	1}
{1	1	0	0	1	1}
{1	1	0	14	1	1}
}
{
{0	0	0	11:	1}
{0	11:2	1	0	1}
{1	0	1	0	1}
{1	0	1	0	1}
}
{
{0	0	0	0	0	0	1}
{0	0	0	0	0	0	1}
{0	0	0	11:2	1	0	1}
{0	11:2	1	0	1	0	1}
{1	0	1	0	1	0	1}
}
{
{0	0	0	0	0	0	1}
{0	0	0	0	0	0	1}
{0	0	0	0	0	0	1}
{0	0	1	0	1	0	1}
{0	0	1	0	1	0	0}
{1	0	1	0	1	13	0}
{1	0	1	0	1	1	1}
}
{
{0	0	0	0	15}
{0	11:2	1	1	1}
{0	0	0	1	0}
{1	0	0	1	0}
{1	0	0	1	0}
{1	0	0	1	1}
}
{
{0	0	0	0	1}
{0	0	0	0	0}
{0	0	0	0	0}
{0	0	0	0	1}
{0	0	1	0	1}
{1	0	1	0	1}
{1	0	1	0	1}
}
{
{0	0	0	0	0	0	0	0	1	1}
{0	0	0	0	0	13	0	12	0	0}
{0	0	0	0	1	1	0	0	0	0}
{0	0	0	11:2	0	0	0	0	0	0}
{1	1	0	0	0	0	0	0	0	0}
{0	0	0	0	0	6	0	0	11:0	0}
{0	0	0	0	0	1	0	0	0	1}
}
{
{0	0	0	0	0	0	0}
{0	0	0	0	0	0	0}
{0	0	0	0	0	0	0}
{0	0	0	0	0	0	0}
{1	11:2	0	1	0	11:2	1}
{1	5	5	5	5	5	1}
{1	1	1	1	1	1	1}
}
{
{0	0	0	0	0	0	0}
{0	0	0	0	0	0	0}
{0	0	0	0	0	0	0}
{0	0	0	0	0	0	0}
{1	0	0	1	0	0	1}
{1	13	5	5	5	13	1}
{1	1	1	1	1	1	1}
}
{
{0	0	0	0	0	1}
{0	0	0	0	0	1}
{0	0	0	0	0	1}
{0	1	0	0	0	1}
{0	1	0	0	0	1}
{1	1	0	0	0	15}
{1	1	1	1	1	1}
}
{
{0	0	0	1	0	0	0}
{0	0	1	15	1	0	0}
{0	1	0	0	0	1	12}
{1	0	0	15	0	0	1}
{1	1	1	1	1	1	1}
}
{
{0	1	0	0	0	0	0	1}
{0	1	0	0	14	0	0	1}
{1	1	0	0	0	0	1	1}
{1	1	0	0	0	13	1	1}
{1	1	1	1	1	1	1	1}
}
{
{0	1}
{15	1}
{1	1}
{1	1}
{1	1}
}
{
{0	1}
{0	1}
{0	0}
{13	0}
{1	1}
}
{
{0	0	0	0	0	0	0	0	11:2}
{0	0	0	0	0	1	1	0	0}
{0	1	1	0	0	0	0	0	0}
{0	0	0	11:2	0	0	0	0	0}
{1	0	0	0	0	0	0	0	0}
}
{
{0	0	0	0	0	0	0	15}
{0	0	0	0	0	1	1	1}
{0	0	1	0	0	0	1	0}
{0	1	1	1	0	0	0	0}
{0	0	0	0	0	0	0	0}
}
{
{0	0	0	0	0	0	0	15}
{0	0	0	0	0	0	1	1}
{0	0	0	0	0	1	1	1}
{0	0	0	13	0	0	0	0}
{0	0	1	1	0	0	0	0}
{0	0	1	1	1	0	0	0}
{1	0	0	0	0	0	0	0}
}
{
{0	0	0	0	0	0	0	0	1	0	0}
{0	0	0	1	0	0	0	0	0	0	0}
{0	0	0	0	0	0	0	0	0	0	0}
}
{
{0	0	0	0	0	0	0	0	1	1	0}
{0	1	0	0	13	0	0	0	0	0	0}
{0	0	0	0	1	0	0	0	0	0	0}
}
{
{0	0	0	0	0	0	0	0	0	0	0	13	0	0	0	0	0}
{0	0	0	0	0	0	0	13	0	0	0	1	0	0	0	0	0}
{0	1	0	0	13	0	0	1	0	0	0	0	0	0	0	0	0}
{1	1	0	0	1	0	0	0	0	0	0	0	0	0	0	0	0}
}
{
{0	0	0	0	0	0	2:1	2:1	0	0	0}
{0	2	2	0	0	0	0	0	0	0	0}
{0	0	0	0	0	0	0	0	0	0	0}
}
{
{0	0	0	0	0	0	0	0	0	0	0}
{2	2	0	0	1	2:1	1	0	0	2	2}
{2	2	0	0	1	6	1	0	0	2	2}
}
{
{2}
{2}
{2}
{2}
{2}
{2}
{2}
{2}
{2}
}
{
{2	2	2	2	2	2:1	2:1	2:1	2:1	2:1}
}
{
{2	2	2	2	2}
{2	0	16:2	0	2}
{2	16:1	1	16:3	2}
{2	0	16:0	0	2}
{2	2	2	2	2}
{0	0	0	0	0}
{1	1	1	1	1	1	1}
}
{
{1	1	1}
{0	16	0}
{0	0	0}
{0	0	0}
{0	0	0}
{0	0	0}
{0	0	0}
{0	0	0}
{1	1	1}
}
{
{1	1	1}
{0	16	0}
{0	0	0}
{0	0	0}
{0	0	0}
{0	0	0}
{0	0	0}
{0	16:2	0}
{1	1	1}
}
{
{0	16:2	0}
{1	1	1}
}

{
{0	0	0	0	0	0	0	0	0 }
{0	0	0	0	0	0	0	0	0 }
{0	0	0	0	0	0	0	0	0 }
{0	0	0	0	0	20	0	0	0 }
{0	0	0	0	0	0	0	0	0 }
{0	0	0	20	0	0	0	0	0 }
{0	0	0	0	0	0	0	0	0 }
{0	0	0	0	0	0	0	0	0 }
{1	1	1	1	1	1	1	1	1 }
}
{
{0	0	0	0	0	0	0	0	0 }
{0	0	0	0	0	0	0	0	0 }
{0	0	0	0	0	0	0	0	0 }
{0	0	0	0	0	0	0	0	0 }
{0	0	0	0	0	0	0	0	0 }
{0	0	0	0	0	0	0	1	0 }
{0	1	0	0	0	1	0	1	0 }
{0	1	0	0	0	1	0	1	0 }
{1	1	1	1	1	1	1	1	1 }
}
{
{0	0	0	0	0	0	0	0	0 }
{0	0	0	0	0	0	0	0	0 }
{0	0	0	0	0	0	0	0	0 }
{0	0	0	0	0	0	0	0	0 }
{0	0	0	0	0	0	0	0	0 }
{0	0	0	0	0	20	0	0	0 }
{0	0	0	0	0	0	0	0	0 }
{0	0	0	0	0	0	0	0	0 }
{1	1	1	1	0	0	1	1	1 }
}
{
{0	0	0	0	0	0	0	0	0  }
{0	0	0	0	0	0	0	0	0  }
{0	0	0	0	0	0	0	0	0  }
{0	0	0	0	0	0	0	0	0  }
{0	0	0	0	0	0	0	0	0  }
{0	0	0	0	20	0	0	0	1  }
{0	0	0	0	1	1	0	0	1  }
{1	1	0	0	1	1	0	0	1  }
{1	1	1	1	1	1	1	1	1  }
}
{
{0	0	0	0	0	0	0	0	0   }
{0	0	0	0	0	0	0	0	0   }
{0	0	0	0	0	0	0	10	10  }
{0	0	0	0	0	0	0	0	0   }
{0	0	0	1	1	0	0	1	1   }
{1	0	0	1	1	0	0	0	0   }
{1	0	0	1	1	0	0	0	0   }
{1	0	0	1	1	0	0	0	0   }
{1	0	0	1	1	1	1	1	1   }
}
{
{0	0	0	0	0	0	0	0	0}
{0	0	10	10	0	10	10	0	0}
{0	0	0	0	0	0	0	0	0}
{0	0	0	0	0	0	0	0	0}
{1	1	0	0	1	0	0	1	1}
{0	0	0	0	0	0	0	0	0}
{0	0	0	0	0	0	0	0	0}
{0	0	0	0	0	0	0	0	0}
{1	1	1	1	1	1	1	1	1}
}
{
{0	0	0	0	0	0	0	0	0}
{0	0	0	0	0	0	0	0	0}
{0	0	0	0	0	0	0	0	0}
{0	0	0	0	0	0	0	0	0}
{0	0	0	0	0	0	0	0	0}
{0	0	0	0	0	0	0	0	0}
{0	0	1	1	0	0	20	0	0}
{0	0	1	1	0	0	0	0	0}
{0	0	1	1	0	0	1	0	0}
}
{
{0	0	0	0	0	0	0	0	0}
{0	0	0	0	0	0	0	0	0}
{0	0	0	0	0	0	0	0	0}
{0	0	0	0	10	10	0	0	0}
{10	10	0	0	0	0	0	0	0}
{0	0	0	0	1	1	0	0	0}
{1	1	0	0	1	1	0	0	0}
{1	1	0	0	0	0	0	0	0}
{1	1	0	0	0	0	0	0	0}
}
{
{0	0	0	0	0	0	10	10	0}
{0	0	0	0	0	0	0	0	0}
{0	0	0	10	10	0	1	1	0}
{0	0	0	0	0	0	1	1	0}
{0	0	0	1	1	0	0	0	0}
{0	0	0	1	1	0	0	0	0}
{1	1	0	0	0	0	0	0	0}
{1	1	0	0	0	0	0	0	0}
{0	0	0	0	0	0	0	0	0}
}
{
{0	0	0	0	0	0	0	0	0}
{0	0	0	0	0	0	0	0	0}
{0	0	0	0	0	0	0	0	0}
{0	0	0	0	0	0	10	10	0}
{0	0	0	10	10	0	0	0	0}
{0	0	0	0	0	0	1	1	0}
{0	0	0	1	1	0	0	0	0}
{0	0	0	0	0	0	0	0	0}
{1	1	1	1	1	1	1	1	0}
}
{
{0	0	0	0	0	0	0	0	0}
{0	0	0	0	0	0	0	0	0}
{0	0	0	0	0	0	0	0	0}
{0	0	0	0	0	0	0	0	0}
{0	0	0	0	0	0	0	10	10}
{0	0	0	0	0	0	0	0	0}
{0	0	0	0	0	0	0	0	0}
{0	0	0	0	0	1	1	0	0}
{0	0	0	0	1	1	1	0	0}
}
{
{0	0	0	0	0	0	0	1	1}
{0	0	0	0	0	0	0	0	1}
{0	0	0	0	0	0	0	0	0}
{0	0	10	10	0	0	0	0	0}
{0	0	0	0	0	0	10	0	10}
{0	0	0	0	1	1	0	10	0}
{1	1	0	0	1	1	0	0	0}
{1	1	0	0	1	1	0	0	0}
{1	1	0	0	1	1	0	0	0}
}
{
{1	1	1	1	1	1	1	1	1}
{1	0	0	20	0	20	0	0	1}
{0	0	0	0	0	0	0	0	0}
{0	0	0	0	0	0	0	0	0}
{0	0	0	1	0	1	0	0	0}
{1	0	0	0	20	0	0	0	1}
{1	0	1	1	0	1	1	0	1}
{1	0	10	0	11	0	10	0	1}
{1	1	1	1	1	1	1	1	1}
}
{
{0	0	1	1	1	1	1	0	0}
{0	0	0	1	1	1	0	0	0}
{0	0	0	1	1	1	0	0	0}
{0	0	0	0	1	0	0	0	0}
{0	0	0	0	10	0	0	0	0}
{1	0	0	0	10	0	0	0	0}
{1	0	0	0	0	0	0	0	0}
{1	10	20	0	0	0	20	10	1}
{1	1	0	0	1	0	0	1	1}
}
{
{0	0	0	0	0	0	0	0	0}
{0	0	0	0	0	0	0	0	0}
{0	0	0	0	0	0	0	0	0}
{0	0	0	0	0	0	20	0	0}
{0	0	0	0	0	0	0	0	0}
{0	0	1	0	0	1	1	0	0}
{0	1	10	0	0	0	20	0	0}
{1	0	10	0	0	0	0	0	0}
{1	0	0	1	1	1	1	1	1}
}
{
{0	0	0	0	0	0	0	0	1}
{0	0	0	0	0	10	0	0	1}
{0	0	0	0	0	0	0	0	1}
{0	0	10	0	0	0	0	0	1}
{0	0	0	0	1	1	1	0	1}
{0	0	0	0	0	1	0	0	1}
{0	1	1	1	0	1	0	0	1}
{0	0	1	0	0	1	0	0	0}
{1	1	1	0	0	1	0	1	1}
}
{
{0	0	0	10	0	1	0	0	0}
{0	0	0	10	0	1	0	0	0}
{0	0	0	10	0	1	0	0	0}
{0	0	0	10	0	1	0	0	0}
{0	0	0	1	0	10	0	0	1}
{0	0	0	1	0	0	0	0	1}
{0	1	0	1	0	0	1	0	1}
{0	1	0	1	0	0	1	0	1}
{1	1	0	1	0	1	1	0	1}
}
{
{0	0	0	1	0	1	0	0	0}
{0	10	0	1	0	1	0	0	0}
{0	10	0	1	0	1	0	0	0}
{0	0	0	10	0	1	0	0	0}
{0	0	0	10	0	0	0	0	0}
{0	0	0	1	0	0	0	0	1}
{0	0	0	1	0	0	0	0	1}
{0	1	0	1	0	1	0	0	1}
{0	1	0	1	0	1	0	0	1}
}
{
{0	0	0	0	0	0	1	1	1}
{0	0	0	0	0	0	0	1	1}
{0	0	0	0	0	0	0	0	1}
{0	0	0	0	0	0	0	0	1}
{1	1	1	1	1	1	1	0	1}
{20	0	1	10	0	0	0	0	1}
{0	0	1	200	20	0	1	1	1}
{0	20	1	10	0	0	0	0	0}
{1	1	1	1	1	1	1	1	1}
}
{
{1	1	1	1	1	1	1	1	1}
{1	1	1	1	1	1	1	1	1}
{1	1	1	1	1	1	1	1	1}
{1	1	1	10	10	1	1	1	1}
{1	1	0	0	0	0	1	1	1}
{0	0	0	0	0	0	0	0	0}
{0	0	1	0	0	1	0	1	1}
{0	0	1	0	0	1	0	10	10}
{1	1	1	0	0	1	1	1	1}
}
{
{1	1	1	1	1	1	1	1	1}
{1	1	1	1	1	1	1	1	1}
{1	1	1	1	1	1	1	1	1}
{1	1	1	1	1	1	1	1	1}
{1	1	1	1	1	1	1	1	1}
{0	0	0	0	0	0	0	0	0}
{1	1	1	1	1	1	1	1	1}
{10	10	10	10	10	10	10	10	10}
{1	1	1	1	1	1	1	1	1}
}
{
{1	1	1	1	1	1	1	1	1}
{1	1	1	1	1	1	1	1	1}
{1	1	1	1	1	1	1	0	0}
{1	1	1	1	1	1	0	0	0}
{1	1	1	1	1	0	0	0	1}
{0	0	0	0	0	0	0	1	0}
{1	1	1	1	1	1	1	0	0}
{0	0	0	0	0	0	0	0	0}
{1	1	1	1	1	1	1	1	1}
}
{
{1	1	1	1	1	1	1	1	1}
{0	0	1	0	1	0	0	0	1}
{0	0	0	0	0	0	0	0	0}
{0	0	0	1	0	20	0	1	0}
{1	1	1	1	1	1	1	1	1}
{0	0	0	0	0	0	0	0	0}
{1	0	0	0	0	0	0	0	0}
{0	0	20	0	0	0	1	0	200}
{1	1	1	1	1	1	1	1	1}
}
{
{1	1	1	1	1	10	10	0	0}
{1	0	0	1	1	1	10	0	0}
{0	0	0	0	0	1	1	0	0}
{1	0	0	200	0	0	1	0	0}
{1	0	1	1	0	0	0	0	0}
{1	0	0	0	0	0	0	0	0}
{0	0	0	0	0	0	1	1	0}
{1	0	0	20	0	0	1	1	1}
{1	1	1	1	1	1	1	1	1}
}
{
{0	0	0	0	0	0	0	0	0}
{0	0	0	10	10	0	0	0	0}
{0	0	0	1	1	0	0	0	0}
{0	0	0	0	0	0	0	10	10}
{1	1	0	0	0	0	0	1	1}
{0	0	0	0	10	10	0	0	0}
{0	0	0	0	1	1	0	0	0}
{0	0	0	0	0	0	0	0	0}
{1	1	1	1	1	1	1	1	1}
}
{
{0	0	0	0	0	0	0	10	0}
{0	0	0	0	0	0	1	1	1}
{0	0	0	0	0	10	0	1	0}
{0	0	0	0	0	1	0	0	0}
{0	0	10	0	1	1	0	0	0}
{0	0	1	0	0	1	0	0	0}
{0	1	1	1	0	0	0	0	0}
{0	10	10	10	0	0	0	0	0}
{1	1	1	1	0	0	0	0	0}
}
{
{0	0	0	0	0	0	0	0	0}
{0	0	0	10	0	0	0	0	0}
{0	0	0	0	10	0	0	0	0}
{0	1	0	0	0	10	0	0	0}
{0	1	1	0	0	0	0	0	0}
{0	1	0	0	0	0	0	0	0}
{0	0	0	0	0	0	0	0	0}
{0	0	0	0	0	0	0	0	0}
{0	0	0	0	0	1	1	1	0}
}
{
{0	0	0	0	0	0	0	0	0}
{0	0	0	0	0	0	0	0	0}
{0	0	0	0	0	0	0	0	0}
{0	0	0	0	0	0	0	0	0}
{0	0	0	0	0	0	0	0	0}
{0	0	0	0	0	0	0	0	0}
{0	0	0	0	0	0	0	0	0}
{0	0	0	0	0	0	0	0	0}
{0	1	1	0	1	1	0	0	0}
}
{
{0	10	10	0	0	0	0	0	0 }
{0	0	0	10	0	0	0	0	0 }
{0	0	0	0	10	0	0	0	0 }
{0	0	0	0	10	0	0	0	0 }
{0	0	0	0	0	10	0	0	0 }
{0	0	0	0	0	10	0	0	0 }
{0	0	0	0	0	10	0	0	0 }
{0	0	0	0	1	1	0	0	0 }
{0	0	0	0	1	1	0	0	0 }
}

