#SETTING::name->Intruder_in_the_Factory
#SETTING::shuffle->false
#SETTING::doGaps->false
#SETTING::infinite->false
#SETTING::autoCoinSpawn->false

#ALIAS::1->Inanimate

#ALIAS::10->DefaultCoin
#ALIAS::11->SuperCoin
#ALIAS::13->Life

#ALIAS::20->Cannon
#ALIAS::21->RektKiller
#ALIAS::22->Piston
#ALIAS::23->Piston:3.0F:2.0F

{
{0	0	0	0	0	0	0	1	0}
{0	0	0	0	0	0	0	1	0}
{0	0	0	0	0	0	0	1	0}
{0	0	0	0	0	0	0	1	0}
{0	0	0	0	0	0	1	1	1}
{0	0	0	0	0	0	0	23	0}
{0	0	0	0	0	0	0	0	0}
{0	0	0	0	0	0	0	0	0}
{1	1	1	1	1	1	0	0	0}
}
{
{0	0	0	0	0	0	0	0	0	0}
{0	0	0	0	0	0	0	0	0	0}
{0	0	0	0	0	0	0	0	0	0}
{0	0	0	0	0	0	0	0	0	0}
{0	0	0	0	0	0	0	0	0	0}
{0	0	0	0	0	0	0	0	0	0}
{0	0	0	0	0	0	0	0	0	0}
{0	0	0	0	1	1	1	22:3.0F:1.0F	0	0}
{1	1	22:2.0F:1.0F	0	1	1	1	10	11	10}
}
{
{0	0	0	0	1	1	1	1	1	1}
{0	0	0	0	1	1	1	1	1	1}
{0	0	0	0	1	1	1	1	1	1}
{0	0	0	0	23	23	23	23	23	23}
{0	0	0	0	0	0	0	0	0	0}
{0	0	0	0	10	10	10	10	10	10}
{1	1	1	1	1	1	1	1	1	1}
{1	1	1	1	1	1	1	1	1	1}
{1	1	1	1	1	1	1	1	1	1}
}
{
{0	0	0	0	0	0	1	0	0	0	0}
{0	0	0	0	0	1	1	1	0	0	0}
{0	0	1	1	0	0	22:2.0F:2.0F	0	0	0	0}
{0	0	0	0	0	0	0	0	0	0	0}
{0	0	0	0	0	0	11	0	0	0	0}
{0	0	0	0	0	0	0	0	0	0	0}
{0	0	1	1	0	0	22:2.0F:0.0F	0	0	1	1}
{0	0	0	0	0	1	1	1	0	0	0}
{0	0	0	0	0	0	1	0	0	0	0}
}
{
{1	0	0	1	0	0	1	22:3.0F:1.0F	0	0	0	0	0	22:3.0F:3.0F	1	0	0	1	0	0	1}
{22:2.0F:2.0F	0	0	22:4.0F:2.0F	0	0	22:3.0F:2.0F	0	0	0	0	0	0	0	22:3.0F:2.0F	0	0	22:4.0F:2.0F	0	0	22:2.0F:2.0F}
{0	1	1	0	1	1	0	0	0	0	0	0	0	0	0	0	0	0	0	0	0}
{0	0	0	0	0	0	0	0	0	0	22:3.0F:0.0F	0	0	0	0	0	0	0	0	0	0}
{0	0	0	0	0	0	0	0	0	22:3.0F:3.0F	1	22:3.0F:1.0F	0	0	0	0	0	0	0	0	0}
{0	0	0	0	0	0	0	0	0	1	22:3.0F:2.0F	1	0	0	0	0	0	0	0	0	0}
{0	1	1	0	1	1	0	0	0	0	0	0	0	0	0	0	0	0	1	1	0}
{22:5.0F:0.0F	0	0	22:3.0F:0.0F	0	0	22:3.0F:0.0F	1	1	0	0	0	1	1	22:3.0F:0.0F	0	0	22:3.0F:0.0F	0	0	22:5.0F:0.0F}
{1	0	0	1	0	0	1	22:3.0F:1.0F	0	0	0	0	0	22:3.0F:3.0F	1	0	0	1	0	0	1}
}
{
{0	0	0	0	1	0	0	0	0	0	0}
{0	0	0	1	1	1	0	0	0	0	0}
{0	0	0	0	22:2.0F:2.0F	0	0	1	1	0	0}
{0	0	0	0	0	0	0	0	0	0	0}
{0	0	0	0	11	0	0	0	0	0	0}
{0	0	0	0	0	0	0	0	0	0	0}
{1	1	0	0	22:2.0F:0.0F	0	0	1	1	0	0}
{0	0	0	1	1	1	0	0	0	0	0}
{0	0	0	0	1	0	0	0	0	0	0}
}
{
{0	0	1	0	1	0	1	0	1	0	0	0	0	0	0	0}
{0	0	1	0	1	0	1	0	1	0	0	0	0	0	0	0}
{0	0	1	0	1	0	1	0	1	0	0	0	0	0	0	0}
{0	0	1	0	1	0	1	0	1	0	0	0	0	0	0	0}
{0	0	22:2.0F:2.0F:0.3F:0.0F:0.1F	0	22:2.0F:2.0F:0.3F:0.0F:0.1F	0	22:2.0F:2.0F:0.3F:0.0F:0.1F	0	22:2.0F:2.0F:0.3F:0.0F:0.1F	0	0	1	1	1	1	1}
{0	0	0	0	0	0	0	0	0	0	0	1	1	10	0	22:3.0F:2.0F}
{1	1	1	1	1	1	1	1	1	1	1	1	1	11	0	0}
{1	1	1	1	1	1	1	1	1	1	1	1	1	10	0	0}
{1	1	1	1	1	1	1	1	1	1	1	1	1	1	1	1}
}
{
{0	0	0	0	0	0	0	0	0}
{0	0	0	0	0	0	0	0	0}
{0	0	0	0	0	0	0	0	0}
{0	0	0	0	0	0	0	0	0}
{0	0	0	0	0	0	0	0	0}
{0	0	0	10	10	10	0	0	0}
{0	0	0	10	10	10	0	0	0}
{0	0	0	0	0	0	0	0	0}
{0	0	0	1	1	1	0	0	0}
}
{
{0	0	0	0	0	0	1	1	0	0	1	1	0	0	0	0}
{0	0	0	0	0	0	22:5.0F:2.0F:0.2F:0.2F:0.2F	22:5.0F:2.0F:0.2F:0.2F:0.2F	0	0	22:5.0F:2.0F:0.2F:0.2F:0.2F:2.0F	22:5.0F:2.0F:0.2F:0.2F:0.2F:2.0F	0	0	0	0}
{0	0	0	0	0	0	0	0	0	0	0	0	0	0	0	0}
{0	0	0	0	0	0	0	0	0	0	0	0	0	0	0	0}
{0	0	0	0	0	0	0	0	22:5.0F:0.0F:0.2F:0.2F:0.2F:3.0F	22:5.0F:0.0F:0.2F:0.2F:0.2F:3.0F	0	0	22:5.0F:0.0F:0.2F:0.2F:0.2F:1.0F	22:5.0F:0.0F:0.2F:0.2F:0.2F:1.0F	0	0}
{0	0	0	0	0	0	0	0	1	1	0	0	1	1	0	0}
{0	0	0	0	1	1	1	1	1	1	1	1	1	1	1	1}
{0	0	1	1	1	1	1	1	1	1	1	1	1	1	1	1}
{1	1	1	1	1	1	1	1	1	1	1	1	1	1	1	1}
}
{
{0	0	0	0	0	0	1	0	0	0	0}
{0	0	0	0	0	1	1	1	0	0	0}
{0	0	1	1	0	0	22:2.0F:2.0F	0	0	0	0}
{0	0	0	0	0	0	0	0	0	0	0}
{0	0	0	0	0	0	11	0	0	0	0}
{0	0	0	0	0	0	0	0	0	0	0}
{0	0	1	1	0	0	22:2.0F:0.0F	0	0	1	1}
{0	0	0	0	0	1	1	1	0	0	0}
{0	0	0	0	0	0	1	0	0	0	0}
}
{
{1	0	0	1	0	0	1	22:3.0F:1.0F	0	0	0	0	0	22:3.0F:3.0F	1	0	0	1	0	0	1}
{22:2.0F:2.0F	0	0	22:4.0F:2.0F	0	0	22:3.0F:2.0F	0	0	1	0	1	0	0	22:3.0F:2.0F	0	0	22:4.0F:2.0F	0	0	22:2.0F:2.0F}
{0	1	1	0	1	1	0	0	0	22:2.0F:2.0F:0.5F:0.5F:0.5F:3.0F	0	22:2.0F:2.0F:0.5F:0.5F:0.5F:3.0F	0	0	0	0	0	0	0	0	0}
{0	0	0	0	0	0	0	0	0	0	22:3.0F:0.0F	0	0	0	0	0	0	0	0	0	0}
{0	0	0	0	0	0	0	0	0	22:3.0F:3.0F	1	22:3.0F:1.0F	0	0	0	0	0	0	0	0	0}
{0	0	0	0	0	0	0	0	22:2.0F:3.0F:0.5F:0.5F:0.5F:3.0F	1	22:3.0F:2.0F	1	22:2.0F:1.0F:0.5F:0.5F:0.5F:3.0F	0	0	0	0	0	0	0	0}
{0	1	1	0	1	1	0	0	0	0	0	0	0	0	0	0	0	0	1	1	0}
{22:5.0F:0.0F	0	0	22:3.0F:0.0F	0	0	22:3.0F:0.0F	1	0	0	0	0	0	1	22:3.0F:0.0F	0	0	22:3.0F:0.0F	0	0	22:5.0F:0.0F}
{1	0	0	1	0	0	1	22:3.0F:1.0F	0	0	0	0	0	22:3.0F:3.0F	1	0	0	1	0	0	1}
}
{
{0	0	0	0	1	0	0	0	0	0	0}
{0	0	0	1	1	1	0	0	0	0	0}
{0	0	0	0	22:2.0F:2.0F	0	0	1	1	0	0}
{0	0	0	0	0	0	0	0	0	0	0}
{0	0	0	0	11	0	0	0	0	0	0}
{0	0	0	0	0	0	0	0	0	0	0}
{1	1	0	0	22:2.0F:0.0F	0	0	1	1	0	0}
{0	0	0	1	1	1	0	0	0	0	0}
{0	0	0	0	1	0	0	0	0	0	0}
}
